image_width: 640
image_height: 480
camera_name: camera
camera_matrix:
  rows: 3
  cols: 3
  data: [494.76720503, 0.0, 317.30451046, 0.0, 494.98583243, 231.28584719, 0.0, 0.0, 1.0]
distortion_model: plumb_bob
distortion_coefficients:
  rows: 1
  cols: 5
  data: [0.26756397, -1.37620248, 0.00040180, 0.00030048, 2.24679848]
rectification_matrix:
  rows: 3
  cols: 3
  data: [1, 0, 0, 0, 1, 0, 0, 0, 1]
projection_matrix:
  rows: 3
  cols: 4
  data: [494.76720503, 0.0, 317.30451046, 0.0, 0.0, 494.98583243, 231.28584719, 0.0, 0.0, 0.0, 1.0, 0.0]